2016 eejj
SFeejj
{0,0,0,0.205889,0.20567,0.205343,0.205245,0.205451,0.204821,}  //SR_syst_DY_2016
{0,0,0,0.205836,0.205645,0.205601,0.205665,0.205709,0.205626,}  //SR_syst_eejj_L13_M500_2016
{0,0,0,0.205674,0.205719,0.205738,0.20577,0.205769,0.205824,}  //SR_syst_eejj_L13_M2000_2016
{0,0,0,0,0,0.205293,0.205624,0.205816,0.205891,}  //SR_syst_eejj_L13_M5000_2016
{0,0,0,0,0,0,0.205303,0.205686,0.205902,}  //SR_syst_eejj_L13_M8000_2016

PUeejj
{0,0,0.918843,1.75205,1.37003,1.27272,0.599988,1.93119,0,}  //SR_syst_TTtW_2016
{0,0,0,1.27206,4.16446,1.40531,1.42698,2.69029,29.7194,}  //SR_syst_Other_2016
{0,0,0,0.92777,1.30757,0.575881,5.43883,1.73913,1.24752,}  //SR_syst_DY_2016
{0,0,0,0.182223,1.40859,0.747181,0.0882864,0.275429,0.673746,}  //SR_syst_eejj_L13_M500_2016
{0,0,0,1.87584,0.55091,0.666607,0.357822,0.493637,0.498065,}  //SR_syst_eejj_L13_M1000_2016
{0,0,0,5.31348,4.80214,2.45584,0.122235,0.364942,0.336874,}  //SR_syst_eejj_L13_M2000_2016
{0,0,0,0,0,1.71266,0.436935,0.220641,0.394119,}  //SR_syst_eejj_L13_M5000_2016
{0,0,0,0,0,0,3.08947,1.34742,0.14063,}  //SR_syst_eejj_L13_M8000_2016

JesSFeejj
{0,0,11.4336,0.550312,2.02439,2.1003,4.74193,2.51592,0,}  //SR_syst_TTtW_2016
{0,0,0,0,6.55441,3.87646,0.491966,1.05535,0,}  //SR_syst_Other_2016
{0,0,0,0,6.56774,5.48986,6.90019,0,0,}  //SR_syst_DY_2016
{0,0,0,1.6015,1.11945,0.475739,0.289363,0.255338,0.395957,}  //SR_syst_eejj_L13_M500_2016
{0,0,0,5.31514,2.17449,1.23319,0.201799,0.217026,0.266987,}  //SR_syst_eejj_L13_M1000_2016
{0,0,0,0,6.24139,2.67642,0.679759,0.112895,0.233649,}  //SR_syst_eejj_L13_M2000_2016
{0,0,0,0,0,0,3.99519,1.08468,0.0750454,}  //SR_syst_eejj_L13_M5000_2016
{0,0,0,0,0,0,16.9701,3.07809,0.0503632,}  //SR_syst_eejj_L13_M8000_2016

JerSFeejj
{0,0,7.5344,0.890421,1.37464,1.09109,3.81402,2.51592,0,}  //SR_syst_TTtW_2016
{0,0,0,0,6.03134,5.36462,11.3452,0,0,}  //SR_syst_Other_2016
{0,0,0,0,2.87725,2.74593,6.90019,0,0,}  //SR_syst_DY_2016
{0,0,0,2.08542,0.48189,0.384211,0.229404,0.181228,0.158072,}  //SR_syst_eejj_L13_M500_2016
{0,0,0,5.31514,2.19124,0.567203,0.123562,0.111962,0.141438,}  //SR_syst_eejj_L13_M1000_2016
{0,0,0,0,6.24139,0.398547,0.427087,0.0461547,0.0830872,}  //SR_syst_eejj_L13_M2000_2016
{0,0,0,0,0,0,3.79979,0.0979178,0.00831824,}  //SR_syst_eejj_L13_M5000_2016
{0,0,0,0,0,0,10.6825,0.456834,0.00400807,}  //SR_syst_eejj_L13_M8000_2016

energyScale

{0,0,0.726548,3.31975,6.3992,3.44344,2.39589,8.54897,0,}  //SR_syst_TTtW_2016
{0,0,0,0,1.23428,0.44697,0.943325,0.989074,0,}  //SR_syst_Other_2016
{0,0,0,4.75518,2.81312,4.72458,12.8704,0,0,}  //SR_syst_DY_2016
{0,0,0,4.25479,4.00181,2.67966,0.942664,2.76833,4.6415,}  //SR_syst_eejj_L13_M500_2016
{0,0,0,6.33868,8.94825,6.13881,2.33777,1.19263,4.34106,}  //SR_syst_eejj_L13_M1000_2016
{0,0,0,0,12.5924,10.3805,4.3928,1.52575,3.04226,}  //SR_syst_eejj_L13_M2000_2016
{0,0,0,0,0,1.88655,10.8519,4.39779,0.300048,}  //SR_syst_eejj_L13_M5000_2016
{0,0,0,0,0,0,39.7732,8.59512,0.0343414,}  //SR_syst_eejj_L13_M8000_2016

energySigma

{0,0,0,0,0.7112,0.341425,0.458155,0.989074,0,}  //SR_syst_Other_2016
{0,0,0,4.75518,2.81312,7.46243,5.64339,0,0,}  //SR_syst_DY_2016
{0,0,0,2.06843,1.61447,0.0877658,0.152998,0.0972695,1.20869,}  //SR_syst_eejj_L13_M500_2016
{0,0,0,6.33868,3.60145,1.27476,0.0533813,0.0499722,0.707487,}  //SR_syst_eejj_L13_M1000_2016
{0,0,0,0,12.4828,5.41249,0.426342,0.260731,0.509032,}  //SR_syst_eejj_L13_M2000_2016
{0,0,0,0,0,1.88655,1.15532,0.51623,0.0372104,}  //SR_syst_eejj_L13_M5000_2016
{0,0,0,0,0,0,16.74,1.7321,0.0322881,}  //SR_syst_eejj_L13_M8000_2016
 
---------------------
--------------------- 
2016 mumujj

PUmumujj
{0,0,9.96989,1.3511,0.686047,1.83563,0.694744,5.86399,0,}  //SR_syst_TTtW_2016
 {0,0,4.2434,6.37087,0.380665,3.0425,9.11415,8.30489,4.62581,}  //SR_syst_Other_2016
 {0,0,7.01467,5.50981,0.209267,0.79323,1.82886,2.25865,9.78307,}  //SR_syst_DY_2016
 {0,0,0,1.53289,0.73681,0.512236,0.236332,0.244078,0.487793,}  //SR_syst_mumujj_L13_M500_2016
{0,0,19.4389,2.50348,1.05892,0.657072,0.0881657,0.0685818,0.269687,}  //SR_syst_mumujj_L13_M1000_2016
{0,0,0,1.34722,1.84434,1.127,0.534586,0.164385,0.141282,}  //SR_syst_mumujj_L13_M2000_2016
{0,0,0,0,0,3.44778,0.159637,0.257066,0.0609665,}  //SR_syst_mumujj_L13_M5000_2016
{0,0,0,0,0,15.5551,5.72464,0.114263,0.119066,}  //SR_syst_mumujj_L13_M8000_2016

SFmumujj
{0,0,3.37484,3.71582,4.65276,5.43351,5.45505,6.86607,0,}  //SR_syst_TTtW_2016
 {0,0,2.98482,4.56229,5.58614,8.52699,8.2843,8.44229,23.1649,}  //SR_syst_Other_2016
 {0,0,4.78915,3.78937,6.0668,8.38101,9.41019,11.0531,15.2094,}  //SR_syst_DY_2016
 {0,0,0,4.07899,5.29436,10.3411,14.4002,15.8743,16.676,}  //SR_syst_mumujj_L13_M500_2016
 {0,0,2.82725,4.07751,6.44573,9.67323,11.0962,13.3719,13.3237,}  //SR_syst_mumujj_L13_M1000_2016
{0,0,0,3.85123,6.26816,9.02815,10.2406,10.8596,10.9441,}  //SR_syst_mumujj_L13_M2000_2016
{0,0,0,0,0,9.40056,12.629,10.2377,9.63758,}  //SR_syst_mumujj_L13_M5000_2016
 {0,0,0,0,0,11.9943,15.7588,12.6519,10.104,}  //SR_syst_mumujj_L13_M8000_2016

JesSF
{0,0,0,2.55041,1.036,0.859935,1.6576,3.80338,0,}  //SR_syst_TTtW_2016
{0,0,0,0.906677,7.08244,5.78552,0.24387,0,0,}  //SR_syst_Other_2016
{0,0,0,0,2.26135,2.48991,4.37675,0,0,}  //SR_syst_DY_2016
{0,0,0,1.76704,1.06977,0.452989,0.228927,0.373065,0.491674,}  //SR_syst_mumujj_L13_M500_2016
{0,0,0,2.55199,1.93756,0.977633,0.240701,0.268496,0.260188,}  //SR_syst_mumujj_L13_M1000_2016
{0,0,0,22.4137,1.9316,3.4051,0.44004,0.0731434,0.230505,}  //SR_syst_mumujj_L13_M2000_2016
{0,0,0,0,0,21.3907,5.06565,1.17523,0.0977453,}  //SR_syst_mumujj_L13_M5000_2016
{0,0,0,0,0,0,8.84915,4.11406,0.0730904,}  //SR_syst_mumujj_L13_M8000_2016


JerSF 
{0,0,0,0.855278,0.781083,1.25265,3.11326,0,0,}  //SR_syst_TTtW_2016
{0,0,0,0,0.517396,0.288721,0.24387,0.530983,0,}  //SR_syst_Other_2016
{0,0,0,4.07421,0.136218,2.48991,4.37675,0,0,}  //SR_syst_DY_2016
{0,0,0,0.774829,0.792597,0.40312,0.215047,0.240233,0.194659,}  //SR_syst_mumujj_L13_M500_2016
{0,0,0,2.55199,1.11851,0.643542,0.132703,0.164607,0.0624191,}  //SR_syst_mumujj_L13_M1000_2016
{0,0,0,0,0.891834,1.22853,0.194127,0.0311252,0.0869125,}  //SR_syst_mumujj_L13_M2000_2016
{0,0,0,0,0,3.19323,1.32056,0.327666,0.0274749,}  //SR_syst_mumujj_L13_M5000_2016
{0,0,0,0,0,0,3.1347,0.716341,0.0115914,}  //SR_syst_mumujj_L13_M8000_2016


PtCorr
{0,0,0,2.23456,2.52098,0.584469,2.41685,0,0,}  //SR_syst_TTtW_2016
{0,0,0,0.882031,1.41087,0.728598,0,0.482683,77.1891,}  //SR_syst_Other_2016
{0,0,98.5025,1.28757,0.165552,0.300095,3.45431,0,0,}  //SR_syst_DY_2016
{0,0,0,7.20884,2.4308,1.64912,0.713456,1.22649,0.899578,}  //SR_syst_mumujj_L13_M500_2016
{0,0,207.769,7.82805,4.36926,3.01307,0.495341,0.547711,1.3876,}  //SR_syst_mumujj_L13_M1000_2016
 {0,0,0,19.3454,22.2225,5.37643,1.4822,0.453123,1.15942,}  //SR_syst_mumujj_L13_M2000_2016
{0,0,0,0,0,76.9807,5.68929,2.99986,0.255889,}  //SR_syst_mumujj_L13_M5000_2016
 {0,0,0,0,0,251.57,62.4336,13.5951,0.23565,}  //SR_syst_mumujj_L13_M8000_2016


